# data		conc.	1	2	3	4	5	6	jolly	supers.
#									
02/01/2016	1	1	17	39	41	56	65	18	42
05/01/2016	2	7	20	40	56	60	90	76	51
07/01/2016	3	10	38	61	62	74	86	69	70
09/01/2016	4	20	26	36	50	51	74	83	60
12/01/2016	5	3	9	28	42	50	79	87	27
14/01/2016	6	5	8	17	41	46	87	30	57
16/01/2016	7	11	17	48	52	70	90	29	43
19/01/2016	8	13	18	35	43	51	66	72	27
21/01/2016	9	2	12	32	57	61	81	54	75
23/01/2016	10	4	5	8	14	32	49	18	1
26/01/2016	11	24	45	50	60	63	87	71	80
28/01/2016	12	2	6	15	39	80	83	47	48
30/01/2016	13	13	24	51	68	77	81	76	69
02/02/2016	14	19	38	40	56	65	80	35	1
04/02/2016	15	7	21	31	39	46	69	77	50
06/02/2016	16	10	24	36	63	77	89	81	39
09/02/2016	17	11	26	46	56	58	78	60	71
11/02/2016	18	17	27	45	53	71	74	21	59
13/02/2016	19	2	30	49	66	74	80	33	29
16/02/2016	20	2	10	27	34	38	40	72	46
18/02/2016	21	12	26	30	51	57	89	54	53
20/02/2016	22	29	32	33	49	54	85	16	44
23/02/2016	23	2	14	58	74	80	82	86	10
25/02/2016	24	14	33	52	67	71	81	80	35
27/02/2016	25	19	22	28	48	49	85	78	52
01/03/2016	26	15	20	25	30	45	55	73	24
03/03/2016	27	8	16	29	49	56	62	44	13
05/03/2016	28	6	8	68	77	80	86	27	39
08/03/2016	29	8	27	32	51	52	89	49	24
10/03/2016	30	9	16	18	22	65	71	84	50
12/03/2016	31	29	37	52	67	80	82	68	81
15/03/2016	32	2	4	17	19	38	56	80	23
17/03/2016	33	1	12	65	67	76	86	89	8
19/03/2016	34	18	41	51	56	72	76	68	61
22/03/2016	35	17	31	32	43	59	71	2	50
24/03/2016	36	14	24	26	57	67	89	28	5
26/03/2016	37	28	43	67	68	72	79	18	60
29/03/2016	38	29	55	65	71	73	77	5	2
31/03/2016	39	17	28	63	78	84	88	34	39
02/04/2016	40	2	24	65	75	81	88	6	79
05/04/2016	41	12	23	28	32	42	85	31	62
07/04/2016	42	38	42	45	59	66	87	5	26
09/04/2016	43	2	5	12	33	54	59	18	89
12/04/2016	44	34	50	55	72	79	89	1	3
14/04/2016	45	1	2	6	42	67	83	80	11
16/04/2016	46	8	12	23	58	86	89	62	36
19/04/2016	47	14	30	61	86	88	90	89	60
21/04/2016	48	1	15	30	50	54	62	71	82
23/04/2016	49	10	11	15	33	79	83	27	27
26/04/2016	50	38	49	51	59	77	90	35	10
28/04/2016	51	10	11	24	30	48	63	7	41
30/04/2016	52	22	38	47	51	61	85	87	48
03/05/2016	53	14	29	58	72	75	85	71	77
05/05/2016	54	7	20	25	32	75	90	12	84
07/05/2016	55	3	32	34	36	82	87	12	1
10/05/2016	56	25	26	49	54	55	66	16	50
12/05/2016	57	10	25	52	54	59	84	42	52
14/05/2016	58	11	19	56	72	73	75	90	68
17/05/2016	59	1	10	19	44	68	74	56	81
19/05/2016	60	15	39	54	62	71	74	60	30
21/05/2016	61	9	11	20	35	66	68	90	68
24/05/2016	62	14	16	45	47	48	86	23	45
26/05/2016	63	1	32	34	58	64	86	52	58
28/05/2016	64	3	5	12	17	44	51	18	39
31/05/2016	65	8	18	33	41	62	71	1	42
04/06/2016	66	8	10	18	64	85	87	3	40
06/06/2016	67	3	54	56	57	75	90	1	62
07/06/2016	68	24	29	45	63	65	70	8	59
09/06/2016	69	9	14	61	76	80	83	44	52
11/06/2016	70	27	30	34	40	52	68	50	51
14/06/2016	71	25	31	33	42	58	86	3	43
16/06/2016	72	18	19	29	47	59	68	21	53
18/06/2016	73	24	25	45	51	52	63	19	5
21/06/2016	74	4	30	31	45	49	85	11	67
23/06/2016	75	17	18	25	43	66	87	1	57
25/06/2016	76	11	14	44	54	85	87	35	46
28/06/2016	77	5	23	44	59	60	83	50	42
30/06/2016	78	30	31	32	34	50	51	75	24
02/07/2016	79	8	9	22	43	50	56	20	39
05/07/2016	80	22	26	43	50	59	65	20	35
07/07/2016	81	1	4	32	59	70	86	89	40
09/07/2016	82	12	34	44	45	53	68	81	82
12/07/2016	83	1	41	59	63	81	85	74	30
14/07/2016	84	38	56	61	67	72	82	87	60
16/07/2016	85	26	37	43	67	75	78	10	67
19/07/2016	86	4	10	28	29	48	52	3	80
21/07/2016	87	19	27	35	56	60	89	47	45
23/07/2016	88	1	30	42	61	76	88	71	52
26/07/2016	89	4	13	15	18	72	76	69	8
28/07/2016	90	29	37	38	61	63	85	59	48
31/07/2016	91	15	22	26	45	48	82	64	70
02/08/2016	92	34	54	57	84	89	90	44	48
04/08/2016	93	25	37	40	61	65	77	23	32
06/08/2016	94	23	34	58	61	71	77	53	18
09/08/2016	95	12	27	34	76	77	85	78	52
11/08/2016	96	31	65	78	85	89	90	34	80
13/08/2016	97	2	25	43	72	87	89	74	47
16/08/2016	98	9	12	18	63	64	73	88	76
18/08/2016	99	8	39	59	65	82	83	41	60
20/08/2016	100	10	29	35	44	49	65	50	57
23/08/2016	101	4	28	48	67	68	84	2	23
25/08/2016	102	16	28	40	43	57	61	8	5
27/08/2016	103	1	32	37	54	66	81	90	47
30/08/2016	104	6	9	17	47	66	86	21	49
01/09/2016	105	4	18	43	60	69	85	87	63
03/09/2016	106	4	29	35	46	82	85	13	41
06/09/2016	107	7	30	34	61	84	88	25	27
08/09/2016	108	6	12	47	51	60	79	54	67
10/09/2016	109	9	13	16	49	64	65	58	81
13/09/2016	110	9	22	48	66	68	83	62	48
15/09/2016	111	14	18	30	48	53	86	71	31
17/09/2016	112	2	4	10	59	68	88	58	31
20/09/2016	113	45	46	48	52	77	78	21	36
22/09/2016	114	4	11	34	49	55	83	85	14
24/09/2016	115	3	16	22	31	45	56	37	12
27/09/2016	116	36	41	55	81	83	85	51	7
29/09/2016	117	11	40	41	44	67	70	68	90
01/10/2016	118	18	19	57	74	80	82	29	89
04/10/2016	119	47	49	67	80	84	85	21	26
06/10/2016	120	2	12	26	52	59	80	16	4
08/10/2016	121	18	25	37	47	62	87	74	51
11/10/2016	122	11	12	17	53	71	76	90	62
13/10/2016	123	4	34	39	60	61	77	85	58
15/10/2016	124	4	7	36	72	78	81	20	40
18/10/2016	125	24	44	48	61	73	87	88	24
20/10/2016	126	2	43	65	66	67	90	44	27
22/10/2016	127	1	6	45	48	64	78	33	32
25/10/2016	128	4	40	54	65	83	85	73	82
27/10/2016	129	3	12	23	71	76	83	56	35
29/10/2016	130	1	7	13	17	40	49	80	46
31/10/2016	131	3	14	18	25	47	75	72	13
03/11/2016	132	21	35	56	66	68	79	15	77
05/11/2016	133	21	22	26	35	47	85	18	83
08/11/2016	134	31	32	60	75	81	84	62	24
10/11/2016	135	26	41	50	55	69	86	47	50
12/11/2016	136	9	12	20	22	75	90	77	44
15/11/2016	137	9	18	25	31	78	81	33	85
17/11/2016	138	2	20	23	41	44	59	29	38
19/11/2016	139	28	29	37	43	51	78	90	44
22/11/2016	140	8	21	44	77	80	86	62	51
24/11/2016	141	53	68	75	79	82	84	42	27
26/11/2016	142	41	42	44	47	68	69	80	5
29/11/2016	143	5	24	35	49	62	77	90	81
01/12/2016	144	11	20	31	56	63	72	28	48
03/12/2016	145	2	10	15	26	68	71	64	47
06/12/2016	146	24	51	56	64	65	73	34	1
10/12/2016	147	54	65	66	68	70	85	52	29
12/12/2016	148	6	39	52	65	68	86	30	66
13/12/2016	149	17	21	35	48	60	76	23	80
15/12/2016	150	9	30	31	53	67	86	42	74
17/12/2016	151	7	15	31	39	41	45	50	14
20/12/2016	152	10	11	29	47	58	73	43	69
22/12/2016	153	14	23	24	44	77	86	74	56
24/12/2016	154	1	19	21	32	48	86	3	5
27/12/2016	155	13	25	30	57	58	64	14	75
29/12/2016	156	31	33	38	58	76	85	25	37
31/12/2016	157	12	14	18	22	28	33	66	16
